{"model_name": "LinearRegression", "n_rows": 10000, "metrics": {"train": {"rmse": 0.016455540513588524, "mae": 0.013173315255941443, "r2": 0.9626917948423586}, "test": {"rmse": 0.01621036910110723, "mae": 0.01296363071912648, "r2": 0.9630074264872658}}, "per_target": {"train": [{"target": "US_Equity", "rmse": 0.017109656309257724, "mae": 0.014637016951046036, "r2": 0.9626917948423585}, {"target": "International_Equity", "rmse": 0.01283224223194329, "mae": 0.010977762713284538, "r2": 0.9626917948423585}, {"target": "Bonds", "rmse": 0.012832242231943286, "mae": 0.010977762713284545, "r2": 0.9626917948423586}, {"target": "REIT", "rmse": 0.008554828154628864, "mae": 0.0073185084755230155, "r2": 0.9626917948423585}, {"target": "Cash", "rmse": 0.025664484463886573, "mae": 0.021955525426569075, "r2": 0.9626917948423585}], "test": [{"target": "US_Equity", "rmse": 0.016854739213040416, "mae": 0.014404034132362745, "r2": 0.9630074264872658}, {"target": "International_Equity", "rmse": 0.012641054409780311, "mae": 0.010803025599272065, "r2": 0.9630074264872658}, {"target": "Bonds", "rmse": 0.012641054409780307, "mae": 0.010803025599272074, "r2": 0.9630074264872658}, {"target": "REIT", "rmse": 0.008427369606520211, "mae": 0.007202017066181369, "r2": 0.9630074264872658}, {"target": "Cash", "rmse": 0.02528210881956062, "mae": 0.021606051198544137, "r2": 0.9630074264872658}]}, "importance": [{"feature": "SalaryCategory_Low", "importance": 0.09270207810607914}, {"feature": "EmploymentStatus_Employed", "importance": 0.08656174628243518}, {"feature": "SalaryCategory_High", "importance": 0.06761590181644164}, {"feature": "SalaryCategory_UpperMid", "importance": 0.06683346706842408}, {"feature": "SalaryCategory_Mid", "importance": 0.041747290778786736}, {"feature": "EmploymentStatus_Unemployed", "importance": 0.03438747230879212}, {"feature": "EmploymentStatus_Retired", "importance": 0.03413870382397903}, {"feature": "EmploymentStatus_Student", "importance": 0.03293662286347192}, {"feature": "EmploymentStatus_Self-employed", "importance": 0.014901052713807844}, {"feature": "JobTitle_Unemployed", "importance": 0.0007066108037127043}, {"feature": "JobTitle_Retired", "importance": 0.0007005635967950789}, {"feature": "JobTitle_Entrepreneur", "importance": 0.0006616494395152537}, {"feature": "JobTitle_Student", "importance": 0.0006078299534148134}, {"feature": "EducationLevel_Unknown", "importance": 0.0005100961919024467}, {"feature": "JobTitle_Blue-collar", "importance": 0.0004258827499877365}, {"feature": "RiskRating_Low", "importance": 0.00040008991353893575}, {"feature": "EducationLevel_Tertiary", "importance": 0.00039073522309698014}, {"feature": "AnnualIncome", "importance": 0.00033794110589219}, {"feature": "RiskRating_High", "importance": 0.00032134935428113266}, {"feature": "JobTitle_Services", "importance": 0.0002845038168113926}, {"feature": "JobTitle_Technician", "importance": 0.0002560186275264415}, {"feature": "HasMutualFunds", "importance": 0.0002501233127590004}, {"feature": "JobTitle_Self-employed", "importance": 0.00024074256722462253}, {"feature": "HasCreditCard", "importance": 0.0002395057914910496}, {"feature": "HasPersonalLoan", "importance": 0.00018660082520682535}, {"feature": "NetWorth", "importance": 0.0001828356496704198}, {"feature": "HasLifeInsurance", "importance": 0.00017517627033789435}, {"feature": "CreditScore", "importance": 0.00016259113473412519}, {"feature": "EducationLevel_Primary", "importance": 0.00013768063343441408}, {"feature": "JobTitle_Admin", "importance": 0.00011953498543741488}], "pred_all": [[0.2323969904245322, 0.17429774281839916, 0.12570225718160077, 0.11619849521226613, 0.35140451436320164], [0.09553914046253004, 0.07165435534689764, 0.22834564465310236, 0.04776957023126504, 0.5566912893062047], [0.15281854535560255, 0.11461390901670199, 0.18538609098329806, 0.07640927267780126, 0.4707721819665959], [0.17487374857286725, 0.1311553114296505, 0.16884468857034948, 0.08743687428643362, 0.4376893771406989], [0.17679877228099888, 0.1325990792107492, 0.16740092078925078, 0.08839938614049946, 0.4348018415785015], [0.0995367075655815, 0.07465253067418623, 0.2253474693258138, 0.04976835378279072, 0.5506949386516274], [0.09815515612189599, 0.07361636709142201, 0.2263836329085779, 0.049077578060947945, 0.552767265817156], [0.2181526503695798, 0.1636144877771847, 0.1363855122228153, 0.10907632518478982, 0.3727710244456306], [0.2316036487448928, 0.17370273655866963, 0.1262972634413303, 0.11580182437244645, 0.3525945268826607], [0.1522431398394135, 0.11418235487956019, 0.18581764512043986, 0.07612156991970676, 0.4716352902408796], [0.23187575918201778, 0.1739068193865134, 0.1260931806134866, 0.11593787959100892, 0.3521863612269732], [0.35283616196986334, 0.2646271214773975, 0.03537287852260243, 0.17641808098493172, 0.1707457570452049], [0.17443912813804227, 0.13082934610353178, 0.16917065389646818, 0.08721956406902116, 0.4383413077929364], [0.23152714565234656, 0.17364535923925994, 0.12635464076074, 0.1157635728261733, 0.35270928152148007], [0.17522961964355627, 0.13142221473266724, 0.1685777852673327, 0.08761480982177813, 0.43715557053466547], [0.23272575007890628, 0.17454431255917974, 0.12545568744082025, 0.11636287503945315, 0.35091137488164054], [0.17572876406593713, 0.13179657304945291, 0.16820342695054702, 0.08786438203296859, 0.43640685390109407], [0.1753631900164907, 0.1315223925123681, 0.16847760748763188, 0.08768159500824538, 0.43695521497526363], [0.09907901174979195, 0.0743092588123441, 0.22569074118765592, 0.04953950587489595, 0.5513814823753118], [0.23282920298316817, 0.17462190223737617, 0.12537809776262382, 0.11641460149158409, 0.3507561955252477], [0.043263654677929086, 0.032447741008446856, 0.2675522589915531, 0.021631827338964557, 0.6351045179831061], [0.09605765529470375, 0.0720432414710279, 0.22795675852897207, 0.04802882764735189, 0.5559135170579441], [0.2332272614263636, 0.17492044606977278, 0.12507955393022713, 0.11661363071318184, 0.35015910786045434], [0.17512919263016946, 0.13134689447262715, 0.16865310552737284, 0.08756459631508476, 0.43730621105474565], [0.23213796717627347, 0.1741034753822051, 0.12589652461779488, 0.11606898358813675, 0.35179304923558974], [0.2318366118262077, 0.17387745886965575, 0.12612254113034424, 0.11591830591310388, 0.35224508226068846], [0.23182895441914667, 0.17387171581436, 0.12612828418563993, 0.11591447720957335, 0.3522565683712799], [0.09763247389518273, 0.07322435542138715, 0.22677564457861288, 0.04881623694759135, 0.5535512891572257], [0.17623748942436374, 0.13217811706827287, 0.1678218829317271, 0.08811874471218188, 0.4356437658634542], [0.35295880668701196, 0.26471910501525886, 0.035280894984741046, 0.17647940334350598, 0.17056178996948212], [0.04075862262686414, 0.030568966970148215, 0.2694310330298518, 0.020379311313432097, 0.6388620660597035], [0.04126220023015473, 0.03094665017261615, 0.2690533498273838, 0.02063110011507735, 0.6381066996547677], [0.1749975817236824, 0.13124818629276186, 0.16875181370723807, 0.08749879086184122, 0.43750362741447624], [0.17477222336465245, 0.13107916752348941, 0.16892083247651057, 0.08738611168232624, 0.4378416649530212], [0.1745751835743822, 0.13093138768078671, 0.16906861231921322, 0.08728759178719112, 0.4381372246384265], [0.23158978996816768, 0.17369234247612572, 0.12630765752387424, 0.11579489498408388, 0.3526153150477486], [0.35252838196115366, 0.2643962864708651, 0.0356037135291348, 0.17626419098057688, 0.17120742705826952], [0.041757480684838255, 0.031318110513628775, 0.2686818894863712, 0.0208787403424191, 0.6373637789727424], [0.09572870307709398, 0.07179652730782063, 0.2282034726921794, 0.04786435153854701, 0.5564069453843588], [0.17511603814425558, 0.13133702860819174, 0.1686629713918082, 0.08755801907212783, 0.4373259427836164], [0.09531662919348619, 0.07148747189511477, 0.2285125281048853, 0.047658314596743086, 0.5570250562097705], [0.17660591765195496, 0.1324544382389663, 0.1675455617610337, 0.0883029588259775, 0.43509112352206736], [0.23303815242929984, 0.17477861432197495, 0.12522138567802504, 0.11651907621464992, 0.35044277135604995], [0.23286488081333576, 0.1746486606100019, 0.1253513393899981, 0.1164324404066679, 0.3507026787799963], [0.23184682105275445, 0.17388511578956584, 0.1261148842104341, 0.11592341052637724, 0.3522297684208683], [0.35272208931870225, 0.26454156698902653, 0.0354584330109734, 0.17636104465935115, 0.17091686602194678], [0.04183569451873223, 0.03137677088904928, 0.2686232291109507, 0.020917847259366087, 0.6372464582219015], [0.0993113132996089, 0.07448348497470675, 0.2255165150252933, 0.049655656649804425, 0.5510330300505865], [0.2324265305617425, 0.1743198979213069, 0.12568010207869307, 0.11621326528087127, 0.35136020415738617], [0.039657889882047215, 0.029743417411535522, 0.2702565825884645, 0.01982894494102358, 0.640513165176929], [0.04127254552874002, 0.030954409146555145, 0.2690455908534449, 0.02063627276436998, 0.6380911817068897], [0.09830945691606197, 0.07373209268704643, 0.2262679073129536, 0.049154728458030934, 0.5525358146259071], [0.3527656593101881, 0.26457424448264094, 0.035425755517358964, 0.17638282965509408, 0.17085151103471796], [0.1756382866158993, 0.13172871496192454, 0.16827128503807537, 0.0878191433079497, 0.4365425700761507], [0.23264597298207154, 0.17448447973655365, 0.12551552026344637, 0.11632298649103577, 0.3510310405268927], [0.1742657052487638, 0.1306992789365729, 0.169300721063427, 0.08713285262438193, 0.4386014421268541], [0.23117462287554552, 0.1733809671566592, 0.12661903284334078, 0.11558731143777276, 0.3532380656866815], [0.23181773815882487, 0.17386330361911867, 0.12613669638088126, 0.11590886907941246, 0.3522733927617626], [0.1753485395107293, 0.13151140463304703, 0.16848859536695293, 0.08767426975536469, 0.43697719073390595], [0.09872952165472168, 0.07404714124104136, 0.22595285875895854, 0.049364760827360854, 0.5519057175179172], [0.17459607457949053, 0.13094705593461795, 0.169052944065382, 0.08729803728974532, 0.4381058881307641], [0.04086252398393811, 0.03064689298795374, 0.2693531070120463, 0.02043126199196907, 0.6387062140240924], [0.0980987425280099, 0.07357405689600739, 0.22642594310399258, 0.049049371264004896, 0.5528518862079852], [0.15268764438968446, 0.11451573329226343, 0.1854842667077366, 0.07634382219484223, 0.4709685334154731], [0.17484330596005834, 0.13113247947004386, 0.16886752052995616, 0.08742165298002919, 0.4377350410599123], [0.2319259158052581, 0.17394443685394356, 0.12605556314605643, 0.11596295790262906, 0.35211112629211283], [0.3518777707033181, 0.2639083280274885, 0.03609167197251145, 0.17593888535165902, 0.172183343945023], [0.23188079809276027, 0.17391059856957022, 0.1260894014304297, 0.11594039904638018, 0.35217880286085945], [0.0989934225448493, 0.07424506690863691, 0.22575493309136305, 0.049496711272424616, 0.5515098661827261], [0.23186349205576998, 0.17389761904182757, 0.12610238095817236, 0.11593174602788503, 0.35220476191634487], [0.23181822067454377, 0.1738636655059078, 0.12613633449409212, 0.11590911033727194, 0.3522726689881844], [0.3530439398525037, 0.26478295488937753, 0.0352170451106224, 0.17652196992625185, 0.17043409022124473], [0.23169456477088046, 0.17377092357816032, 0.12622907642183961, 0.11584728238544023, 0.3524581528436793], [0.09722672421070058, 0.07292004315802539, 0.22707995684197463, 0.048613362105350263, 0.5541599136839492], [0.23167938392871015, 0.17375953794653268, 0.12624046205346728, 0.1158396919643551, 0.3524809241069346], [0.09750611835144762, 0.07312958876358577, 0.2268704112364142, 0.04875305917572381, 0.5537408224728284], [0.04070463205531988, 0.030528474041489978, 0.2694715259585099, 0.020352316027659925, 0.63894305191702], [0.17631140602251374, 0.13223355451688537, 0.16776644548311462, 0.08815570301125689, 0.4355328909662291], [0.09744965962698938, 0.07308724472024211, 0.22691275527975788, 0.04872482981349466, 0.5538255105595158], [0.23332711706026757, 0.17499533779520074, 0.12500466220479928, 0.1166635585301338, 0.3500093244095984], [0.09860618439731025, 0.07395463829798277, 0.22604536170201722, 0.04930309219865511, 0.5520907234040344], [0.1759237597720877, 0.13194281982906583, 0.16805718017093416, 0.0879618798860439, 0.43611436034186823], [0.2312674660800012, 0.1734505995600009, 0.1265494004399991, 0.11563373304000063, 0.35309880087999823], [0.23186938997365752, 0.1739020424802432, 0.12609795751975678, 0.11593469498682878, 0.35219591503951353], [0.04265265540624405, 0.0319894915546832, 0.2680105084453168, 0.021326327703122025, 0.6360210168906337], [0.17563853398402457, 0.13172890048801847, 0.1682710995119815, 0.08781926699201233, 0.436542199023963], [0.2323012844137978, 0.17422596331034834, 0.12577403668965167, 0.11615064220689894, 0.3515480733793033], [0.23247164125138148, 0.17435373093853615, 0.12564626906146378, 0.11623582062569075, 0.3512925381229276], [0.09812104598120011, 0.07359078448590017, 0.22640921551409982, 0.04906052299060001, 0.5528184310281996], [0.23176803705572463, 0.1738260277917935, 0.12617397220820648, 0.11588401852786234, 0.35234794441641293], [0.21793612910993165, 0.16345209683244863, 0.13654790316755136, 0.10896806455496574, 0.37309580633510264], [0.17642949593592075, 0.13232212195194065, 0.1676778780480593, 0.08821474796796043, 0.43535575609611865], [0.2320466956892031, 0.1740350217669024, 0.1259649782330975, 0.11602334784460158, 0.35192995646619507], [0.17612808615262618, 0.13209606461446968, 0.16790393538553028, 0.08806404307631309, 0.4358078707710605], [0.0412991297897666, 0.030974347342325056, 0.2690256526576749, 0.02064956489488326, 0.6380513053153498], [0.23218370738827723, 0.17413778054120793, 0.12586221945879203, 0.11609185369413862, 0.35172443891758415], [0.23224437722420693, 0.17418328291815524, 0.1258167170818447, 0.1161221886121035, 0.3516334341636894], [0.042433977197106926, 0.03182548289783034, 0.2681745171021697, 0.021216988598553435, 0.6363490342043393], [0.15276150063659671, 0.11457112547744755, 0.18542887452255252, 0.07638075031829833, 0.47085774904510486], [0.04167854681822705, 0.03125891011367041, 0.2687410898863296, 0.02083927340911354, 0.6374821797726591], [0.0977500711508335, 0.0733125533631252, 0.22668744663687482, 0.048875035575416725, 0.5533748932737497], [0.21765957431979532, 0.16324468073984644, 0.13675531926015352, 0.10882978715989763, 0.37351063852030697], [0.2316328846301995, 0.1737246634726496, 0.12627533652735032, 0.11581644231509976, 0.3525506730547008], [0.040730441903563785, 0.030547831427672964, 0.269452168572327, 0.020365220951781865, 0.6389043371446541], [0.23256783105519488, 0.17442587329139608, 0.12557412670860385, 0.1162839155275975, 0.3511482534172077], [0.17461431660336107, 0.1309607374525209, 0.16903926254747909, 0.08730715830168057, 0.4380785250949582], [0.35296497826698603, 0.2647237337002394, 0.03527626629976052, 0.17648248913349301, 0.17055253259952113], [0.17528064557079673, 0.1314604841780976, 0.16853951582190235, 0.0876403227853984, 0.43707903164380474], [0.22004011681625218, 0.16503008761218907, 0.1349699123878109, 0.11002005840812608, 0.3699398247756217], [0.09538503051874944, 0.07153877288906219, 0.22846122711093783, 0.04769251525937471, 0.5569224542218756], [0.09813435541230216, 0.07360076655922676, 0.22639923344077317, 0.04906717770615108, 0.5527984668815464], [0.17502603080231688, 0.13126952310173767, 0.1687304768982622, 0.08751301540115851, 0.43746095379652455], [0.23172269069453505, 0.17379201802090127, 0.1262079819790986, 0.11586134534726757, 0.3524159639581974], [0.23235151284686933, 0.17426363463515204, 0.1257363653648479, 0.1161757564234347, 0.35147273072969587], [0.0957395905327578, 0.07180469289956845, 0.22819530710043162, 0.0478697952663789, 0.5563906142008632], [0.35245170743134413, 0.2643387805735081, 0.03566121942649178, 0.17622585371567212, 0.17132243885298376], [0.35276834460399475, 0.26457625845299604, 0.03542374154700392, 0.17638417230199738, 0.17084748309400788], [0.09800948111519134, 0.07350711083639364, 0.22649288916360633, 0.04900474055759564, 0.5529857783272127], [0.1751548769326197, 0.13136615769946483, 0.16863384230053516, 0.08757743846630987, 0.4372676846010703], [0.23191495137971863, 0.173936213534789, 0.126063786465211, 0.11595747568985931, 0.35212757293042196], [0.15282346370153765, 0.1146175977761533, 0.18538240222384675, 0.07641173185076887, 0.4707648044476933], [0.23244345841046724, 0.1743325938078504, 0.1256674061921495, 0.11622172920523366, 0.3513348123842991], [0.09863425972647405, 0.07397569479485562, 0.2260243052051444, 0.04931712986323698, 0.5520486104102887], [0.17425634602159845, 0.1306922595161989, 0.16930774048380104, 0.08712817301079924, 0.43861548096760217], [0.17551507550182335, 0.13163630662636758, 0.16836369337363238, 0.08775753775091172, 0.43672738674726486], [0.04137766324506015, 0.031033247433795194, 0.2689667525662047, 0.02068883162253006, 0.6379335051324095], [0.09708081193203771, 0.07281060894902834, 0.2271893910509717, 0.04854040596601881, 0.5543787821019432], [0.27227007679018933, 0.204202557592642, 0.09579744240735798, 0.13613503839509467, 0.2915948848147159], [0.09881946510317824, 0.07411459882738375, 0.22588540117261627, 0.04940973255158908, 0.5517708023452325], [0.231744888767832, 0.17380866657587402, 0.12619133342412592, 0.11587244438391603, 0.352382666848252], [0.176733497175446, 0.13255012288158458, 0.1674498771184154, 0.08836674858772302, 0.43489975423683075], [0.35245335990022275, 0.264340019925167, 0.035659980074832925, 0.17622667995011138, 0.17131996014966594], [0.23298892461230372, 0.17474169345922785, 0.12525830654077208, 0.11649446230615189, 0.35051661308154425], [0.2178526572865907, 0.163389492964943, 0.13661050703505695, 0.10892632864329534, 0.3732210140701139], [0.15143489942639676, 0.11357617456979763, 0.18642382543020236, 0.07571744971319837, 0.47284765086040464], [0.23162610105116502, 0.17371957578837383, 0.1262804242116261, 0.11581305052558252, 0.35256084842325236], [0.23178831607232286, 0.17384123705424215, 0.12615876294575779, 0.11589415803616143, 0.35231752589151566], [0.23198009930508082, 0.17398507447881062, 0.12601492552118934, 0.11599004965254042, 0.3520298510423787], [0.17652834408680743, 0.13239625806510563, 0.1676037419348943, 0.08826417204340373, 0.4352074838697886], [0.1754059517715548, 0.13155446382866615, 0.16844553617133382, 0.08770297588577743, 0.4368910723426677], [0.175554615854137, 0.13166596189060284, 0.16833403810939718, 0.0877773079270685, 0.4366680762187943], [0.097948220784018, 0.07346116558801351, 0.22653883441198647, 0.04897411039200897, 0.553077668823973], [0.17521495177574922, 0.131411213831812, 0.16858878616818795, 0.08760747588787465, 0.43717757233637594], [0.17667352925332944, 0.13250514693999718, 0.16749485306000278, 0.08833676462666476, 0.4349897061200056], [0.3505614820697207, 0.2629211115522905, 0.03707888844770943, 0.1752807410348604, 0.174157776895419], [0.0413013478089056, 0.030976010856679323, 0.2690239891433207, 0.020650673904452757, 0.6380479782866414], [0.27155654820771585, 0.20366741115578685, 0.09633258884421322, 0.1357782741038579, 0.29266517768842626], [0.3520507092795204, 0.26403803195964026, 0.03596196804035964, 0.17602535463976018, 0.17192393608071938], [0.10029513750802689, 0.07522135313102027, 0.22477864686897975, 0.05014756875401342, 0.5495572937379595], [0.04252914850747197, 0.03189686138060406, 0.2681031386193959, 0.021264574253735985, 0.6362062772387918], [0.15242655751161555, 0.11431991813371169, 0.18568008186628834, 0.07621327875580777, 0.4713601637325766], [0.3506418294772718, 0.2629813721079538, 0.037018627892046074, 0.17532091473863592, 0.1740372557840923], [0.042511356392891664, 0.031883517294668845, 0.26811648270533117, 0.021255678196445776, 0.6362329654106622], [0.23156055008760645, 0.1736704125657049, 0.126329587434295, 0.11578027504380327, 0.3526591748685901], [0.15298545578210954, 0.11473909183658226, 0.18526090816341775, 0.07649272789105474, 0.4705218163268355], [0.17515409314636293, 0.1313655698597723, 0.16863443014022772, 0.0875770465731815, 0.4372688602804553], [0.2332762183298218, 0.1749571637473664, 0.12504283625263357, 0.11663810916491091, 0.35008567250526723], [0.1759631973664809, 0.13197239802486072, 0.1680276019751393, 0.08798159868324046, 0.4360552039502784], [0.17550649575541957, 0.13162987181656477, 0.16837012818343522, 0.08775324787770981, 0.43674025636687047], [0.15290735081031806, 0.11468051310773855, 0.18531948689226146, 0.07645367540515903, 0.4706389737845229], [0.21821996003226368, 0.16366497002419778, 0.1363350299758022, 0.10910998001613177, 0.3726700599516044], [0.0976805503838338, 0.07326041278787547, 0.22673958721212456, 0.048840275191916874, 0.5534791744242491], [0.04183914858955992, 0.03137936144217002, 0.2686206385578299, 0.02091957429477992, 0.6372412771156599], [0.17553131889284665, 0.131648489169635, 0.16835151083036493, 0.08776565944642334, 0.4367030216607299], [0.35140718691867867, 0.26355539018900886, 0.036444609810991124, 0.17570359345933934, 0.17288921962198223], [0.35127129659637085, 0.26345347244727807, 0.036546527552721836, 0.17563564829818548, 0.17309305510544382], [0.04234358444986844, 0.031757688337401446, 0.26824231166259854, 0.021171792224934205, 0.6364846233251972], [0.15301674077018615, 0.11476255557763962, 0.1852374444223604, 0.0765083703850931, 0.4704748888447207], [0.04136376922321083, 0.031022826917408222, 0.2689771730825917, 0.020681884611605375, 0.6379543461651835], [0.1525291567402839, 0.11439686755521303, 0.185603132444787, 0.07626457837014193, 0.47120626488957396], [0.1751487839898381, 0.13136158799237863, 0.16863841200762136, 0.08757439199491909, 0.43727682401524265], [0.3521369399073542, 0.2641027049305156, 0.035897295069484275, 0.17606846995367711, 0.1717945901389687], [0.09894583294308505, 0.07420937470731387, 0.2257906252926862, 0.049472916471542505, 0.5515812505853722], [0.2723312466260467, 0.20424843496953493, 0.095751565030465, 0.1361656233130233, 0.29150313006093004], [0.23113425769978452, 0.17335069327483843, 0.12664930672516153, 0.11556712884989229, 0.3532986134503231], [0.09977283271580746, 0.07482962453685565, 0.22517037546314436, 0.049886416357903696, 0.5503407509262886], [0.35237649620719264, 0.2642823721553944, 0.03571762784460558, 0.17618824810359635, 0.17143525568921109], [0.041759581866230855, 0.03131968639967324, 0.26868031360032674, 0.020879790933115414, 0.6373606272006533], [0.3524124749004005, 0.26430935617530027, 0.03569064382469969, 0.17620623745020025, 0.17138128764939936], [0.1527967321549238, 0.11459754911619283, 0.1854024508838072, 0.0763983660774619, 0.47080490176761425], [0.3530491865719606, 0.2647868899289703, 0.03521311007102962, 0.1765245932859803, 0.17042622014205921], [0.21830083184765772, 0.16372562388574322, 0.1362743761142567, 0.10915041592382879, 0.3725487522285134], [0.1751757427159224, 0.1313818070369419, 0.16861819296305805, 0.08758787135796123, 0.43723638592611613], [0.23183745587195015, 0.17387809190396267, 0.12612190809603735, 0.1159187279359751, 0.3522438161920746], [0.09564454457290739, 0.07173340842968068, 0.2282665915703193, 0.04782227228645369, 0.5565331831406386], [0.04292894986873638, 0.03219671240155235, 0.2678032875984476, 0.021464474934368177, 0.6356065751968952], [0.231591925219573, 0.17369394391467982, 0.12630605608532008, 0.11579596260978654, 0.3526121121706403], [0.09789812482412116, 0.07342359361809095, 0.22657640638190907, 0.048949062412060526, 0.553152812763818], [0.1745559650915414, 0.13091697381865608, 0.1690830261813439, 0.08727798254577074, 0.4381660523626879], [0.23118985656969038, 0.17339239242726773, 0.1266076075727322, 0.1155949282848452, 0.3532152151454645], [0.23070427011982525, 0.17302820258986898, 0.12697179741013098, 0.11535213505991262, 0.353943594820262], [0.17636773799006525, 0.13227580349254897, 0.16772419650745096, 0.08818386899503267, 0.43544839301490196], [0.2322596969252152, 0.17419477269391143, 0.1258052273060885, 0.11612984846260761, 0.3516104546121771], [0.23190947580617982, 0.17393210685463492, 0.12606789314536507, 0.11595473790308994, 0.35213578629073017], [0.1751182063076107, 0.1313386547307081, 0.16866134526929188, 0.08755910315380537, 0.4373226905385838], [0.17550210486704482, 0.13162657865028374, 0.16837342134971625, 0.08775105243352244, 0.43674684269943254], [0.23295307906128798, 0.1747148092959661, 0.12528519070403388, 0.11647653953064399, 0.35057038140806784], [0.232785402668727, 0.17458905200154531, 0.12541094799845465, 0.11639270133436352, 0.35082189599690927], [0.17598170784468944, 0.13198628088351713, 0.16801371911648283, 0.08799085392234478, 0.4360274382329657], [0.21869321657448895, 0.1640199124308667, 0.1359800875691332, 0.10934660828724443, 0.3719601751382665], [0.23018431256728944, 0.1726382344254671, 0.12736176557453283, 0.11509215628364475, 0.3547235311490657], [0.3513647986408259, 0.2635235989806194, 0.03647640101938049, 0.17568239932041296, 0.172952802038761], [0.1749920596035787, 0.13124404470268408, 0.16875595529731593, 0.08749602980178936, 0.4375119105946318], [0.21773108123588464, 0.16329831092691346, 0.1367016890730865, 0.10886554061794229, 0.3734033781461731], [0.35215247918554354, 0.2641143593891576, 0.03588564061084226, 0.1760762395927718, 0.1717712812216846], [0.2318766949407101, 0.1739075212055326, 0.12609247879446733, 0.11593834747035506, 0.35218495758893476], [0.1750116308126642, 0.13125872310949815, 0.1687412768905018, 0.08750581540633211, 0.4374825537810036], [0.17429170052004458, 0.13071877539003351, 0.16928122460996642, 0.08714585026002233, 0.438562449219933], [0.23167961573751816, 0.1737597118031386, 0.12624028819686134, 0.11583980786875908, 0.35248057639372277], [0.15220193085332223, 0.11415144813999176, 0.18584855186000826, 0.07610096542666107, 0.4716971037200165], [0.043491480309213515, 0.032618610231910275, 0.2673813897680897, 0.021745740154606757, 0.6347627795361794], [0.2178247140160124, 0.16336853551200922, 0.13663146448799085, 0.10891235700800617, 0.3732629289759815], [0.2317184600274737, 0.17378884502060524, 0.1262111549793947, 0.11585923001373688, 0.35242230995878954], [0.09779845439503791, 0.07334884079627839, 0.22665115920372156, 0.0488992271975189, 0.5533023184074433], [0.09910304481850371, 0.07432728361387786, 0.22567271638612213, 0.04955152240925182, 0.5513454327722442], [0.23306209246301154, 0.17479656934725876, 0.12520343065274123, 0.1165310462315058, 0.3504068613054825], [0.17448292982448557, 0.13086219736836427, 0.16913780263163566, 0.08724146491224283, 0.43827560526327136], [0.15235478114157414, 0.1142660858561807, 0.18573391414381935, 0.07617739057078705, 0.47146782828763856], [0.3500010919933594, 0.2625008189950193, 0.037499181004980536, 0.17500054599667975, 0.17499836200996122], [0.09794623089404741, 0.07345967317053562, 0.2265403268294644, 0.04897311544702365, 0.5530806536589288], [0.04204337327010624, 0.031532529952579755, 0.2684674700474202, 0.02102168663505309, 0.6369349400948404], [0.27290480102649517, 0.20467860076987138, 0.09532139923012858, 0.13645240051324756, 0.29064279846025715], [0.3520527884234341, 0.2640395913175754, 0.035960408682424505, 0.17602639421171706, 0.171920817364849], [0.04328689652668033, 0.0324651723950104, 0.26753482760498964, 0.02164344826334015, 0.6350696552099793], [0.17508292319519156, 0.13131219239639375, 0.16868780760360622, 0.08754146159759582, 0.4373756152072124], [0.0985920426196361, 0.0739440319647271, 0.22605596803527284, 0.04929602130981805, 0.5521119360705457], [0.09796248982960494, 0.07347186737220386, 0.2265281326277962, 0.04898124491480246, 0.5530562652555923], [0.0986181941399383, 0.07396364560495389, 0.2260363543950461, 0.04930909706996915, 0.5520727087900923], [0.3522903850514717, 0.2642177887886037, 0.035782211211396214, 0.17614519252573585, 0.17156442242279246], [0.15211403580901728, 0.11408552685676299, 0.18591447314323709, 0.07605701790450861, 0.471828946286474], [0.17408280988388208, 0.1305621074129116, 0.16943789258708836, 0.08704140494194107, 0.43887578517417675], [0.040592650428663474, 0.03044448782149775, 0.2695555121785023, 0.020296325214331723, 0.6391110243570044], [0.09742364766342346, 0.07306773574756768, 0.22693226425243224, 0.0487118238317117, 0.5538645285048646], [0.35069523739533504, 0.2630214280465012, 0.036978571953498685, 0.17534761869766752, 0.1739571439069975], [0.35169246586916303, 0.2637693494018722, 0.03623065059812772, 0.17584623293458154, 0.17246130119625552], [0.23260264625194593, 0.17445198468895948, 0.12554801531104054, 0.11630132312597297, 0.35109603062208106], [0.09615162873098443, 0.07211372154823843, 0.22788627845176163, 0.04807581436549221, 0.5557725569035231], [0.21975423356100832, 0.16481567517075627, 0.13518432482924372, 0.10987711678050412, 0.3703686496584873], [0.17509342238042067, 0.13132006678531555, 0.16867993321468439, 0.08754671119021036, 0.43735986642936886], [0.09724994767092364, 0.07293746075319286, 0.22706253924680708, 0.048624973835461834, 0.5541250784936141], [0.09823200084988162, 0.07367400063741128, 0.2263259993625887, 0.049116000424940784, 0.5526519987251773], [0.17651634454386433, 0.1323872584078983, 0.16761274159210168, 0.08825817227193221, 0.43522548318420334], [0.2319991600306968, 0.17399937002302268, 0.12600062997697725, 0.11599958001534844, 0.3520012599539546], [0.21763911685536774, 0.16322933764152575, 0.13677066235847427, 0.10881955842768384, 0.37354132471694834], [0.09746315491560695, 0.07309736618670522, 0.22690263381329473, 0.0487315774578034, 0.5538052676265895], [0.1752344217716639, 0.13142581632874797, 0.16857418367125196, 0.08761721088583199, 0.43714836734250395], [0.09766772542060784, 0.07325079406545593, 0.22674920593454406, 0.04883386271030389, 0.5534984118690882], [0.35198735277078175, 0.2639905145780861, 0.036009485421913734, 0.17599367638539087, 0.17201897084382756], [0.09503528434405012, 0.0712764632580377, 0.22872353674196236, 0.04751764217202504, 0.5574470734839246], [0.04185698795760584, 0.03139274096820449, 0.2686072590317955, 0.02092849397880292, 0.637214518063591], [0.23237452747545057, 0.17428089560658805, 0.125719104393412, 0.11618726373772531, 0.35143820878682386], [0.041415114942840975, 0.031061336207130807, 0.2689386637928692, 0.02070755747142046, 0.6378773275857383], [0.35232460824546363, 0.2642434561840977, 0.035756543815902236, 0.17616230412273184, 0.17151308763180456], [0.043298803151635284, 0.032474102363726595, 0.2675258976362734, 0.021649401575817684, 0.6350517952725467], [0.176338250203889, 0.1322536876529168, 0.16774631234708312, 0.08816912510194452, 0.4354926246941662], [0.04151486704035112, 0.031136150280263397, 0.26886384971973654, 0.020757433520175575, 0.6377276994394732], [0.23189610835647628, 0.1739220812673572, 0.12607791873264274, 0.11594805417823817, 0.3521558374652855], [0.17524221975277898, 0.13143166481458432, 0.1685683351854156, 0.08762110987638952, 0.43713667037083126], [0.09943371037928082, 0.07457528278446063, 0.22542471721553936, 0.04971685518964039, 0.5508494344310787], [0.21763146245254755, 0.16322359683941057, 0.13677640316058937, 0.10881573122627373, 0.3735528063211788], [0.17484963446872492, 0.13113722585154378, 0.16886277414845619, 0.08742481723436249, 0.4377255482969124], [0.2187100640269377, 0.16403254802020323, 0.13596745197979676, 0.1093550320134688, 0.3719349039595935], [0.35223744234584586, 0.2641780817593842, 0.03582191824061581, 0.176118721172923, 0.17164383648123166], [0.17489548134100624, 0.13117161100575472, 0.16882838899424527, 0.08744774067050314, 0.4376567779884905], [0.23351645414226838, 0.17513734060670136, 0.1248626593932986, 0.11675822707113422, 0.34972531878659713], [0.35086505873061985, 0.2631487940479648, 0.036851205952035115, 0.17543252936530992, 0.17370241190407015], [0.3525992123998557, 0.2644494092998917, 0.03555059070010819, 0.17629960619992785, 0.17110118140021652], [0.04281458541724417, 0.03211093906293322, 0.26788906093706666, 0.0214072927086221, 0.6357781218741334], [0.23178140011144976, 0.1738360500835873, 0.12616394991641267, 0.11589070005572485, 0.3523278998328254], [0.21730809142546748, 0.16298106856910058, 0.13701893143089938, 0.10865404571273367, 0.37403786286179874], [0.09557875636592186, 0.07168406727444143, 0.22831593272555864, 0.04778937818296095, 0.5566318654511171], [0.04108615392916781, 0.030814615446875943, 0.269185384553124, 0.020543076964583837, 0.6383707691062481], [0.23219676934735847, 0.1741475770105189, 0.12585242298948113, 0.11609838467367925, 0.3517048459789622], [0.35213041597819683, 0.26409781198364757, 0.035902188016352365, 0.1760652079890984, 0.17180437603270482], [0.23234044740207077, 0.17425533555155315, 0.12574466444844684, 0.1161702237010354, 0.3514893288968936], [0.04109021562119625, 0.03081766171589724, 0.2691823382841027, 0.02054510781059808, 0.6383646765682055], [0.23233182975309868, 0.174248872314824, 0.12575112768517596, 0.11616591487654937, 0.35150225537035196], [0.3524769350204767, 0.26435770126535746, 0.03564229873464242, 0.17623846751023836, 0.17128459746928498], [0.04083609023833659, 0.030627067678752506, 0.2693729323212475, 0.020418045119168268, 0.6387458646424949], [0.2318921756168406, 0.1739191317126304, 0.12608086828736953, 0.1159460878084203, 0.35216173657473915], [0.09931907357327611, 0.07448930517995708, 0.22551069482004288, 0.04965953678663804, 0.5510213896400857], [0.2319772153367641, 0.17398291150257308, 0.1260170884974269, 0.11598860766838207, 0.3520341769948538], [0.17453415471715725, 0.130900616037868, 0.16909938396213195, 0.08726707735857867, 0.438198767924264], [0.04099530835218432, 0.03074648126413833, 0.2692535187358617, 0.02049765417609209, 0.6385070374717233], [0.2732602751746086, 0.20494520638095648, 0.09505479361904356, 0.13663013758730427, 0.29010958723808705], [0.04026167492590807, 0.030196256194431198, 0.26980374380556876, 0.020130837462953993, 0.6396074876111376], [0.15266721600481745, 0.11450041200361318, 0.18549958799638688, 0.07633360800240871, 0.4709991759927737], [0.17643995742798774, 0.13232996807099084, 0.1676700319290091, 0.0882199787139939, 0.4353400638580182], [0.2317080590764539, 0.17378104430734048, 0.12621895569265942, 0.11585402953822699, 0.352437911385319], [0.040989714334025235, 0.030742285750519044, 0.2692577142494809, 0.02049485716701259, 0.6385154284989619], [0.15312451794909476, 0.11484338846182117, 0.18515661153817892, 0.07656225897454738, 0.4703132230763577], [0.2734631913875555, 0.20509739354066664, 0.09490260645933339, 0.13673159569377774, 0.2898052129186666], [0.04011938059604128, 0.030089535447031066, 0.26991046455296885, 0.02005969029802064, 0.6398209291059379], [0.09807757041077479, 0.0735581778080811, 0.22644182219191894, 0.04903878520538741, 0.5528836443838377], [0.17615031704525164, 0.13211273778393887, 0.1678872622160611, 0.08807515852262587, 0.43577452443212233], [0.15247701785861945, 0.11435776339396456, 0.18564223660603546, 0.0762385089293097, 0.47128447321207095], [0.17449067951064215, 0.13086800963298165, 0.1691319903670183, 0.0872453397553211, 0.43826398073403666], [0.1756292242027824, 0.13172191815208684, 0.16827808184791315, 0.08781461210139124, 0.43655616369582634], [0.2181053533505635, 0.16357901501292266, 0.1364209849870773, 0.10905267667528176, 0.3728419699741546], [0.17633527577289143, 0.1322514568296686, 0.16774854317033133, 0.0881676378864457, 0.43549708634066264], [0.174564433809388, 0.13092332535704104, 0.16907667464295892, 0.08728221690469398, 0.43815334928591787], [0.09493238766790864, 0.07119929075093165, 0.22880070924906842, 0.04746619383395433, 0.5576014184981367], [0.17552363929868053, 0.13164272947401043, 0.16835727052598953, 0.08776181964934028, 0.436714541051979], [0.2707019455239212, 0.20302645914294087, 0.0969735408570591, 0.13535097276196062, 0.29394708171411815], [0.04319394881643643, 0.03239546161232744, 0.2676045383876725, 0.021596974408218214, 0.635209076775345], [0.27175266688924216, 0.20381450016693164, 0.09618549983306832, 0.13587633344462108, 0.2923709996661366], [0.09941896730800312, 0.07456422548100239, 0.22543577451899763, 0.04970948365400155, 0.5508715490379952], [0.15239578638856024, 0.11429683979142019, 0.18570316020857983, 0.07619789319428011, 0.4714063204171596], [0.35296104031274, 0.2647207802345549, 0.03527921976544507, 0.17648052015637003, 0.17055843953089006], [0.23250043910488044, 0.17437532932866034, 0.12562467067133964, 0.11625021955244023, 0.3512493413426793], [0.21757819971975806, 0.16318364978981853, 0.1368163502101814, 0.10878909985987895, 0.37363270042036284], [0.1770320446228452, 0.13277403346713398, 0.167225966532866, 0.08851602231142261, 0.43445193306573204], [0.3528221685353586, 0.2646166264015189, 0.03538337359848098, 0.17641108426767932, 0.17076674719696205], [0.0974375178225202, 0.07307813836689023, 0.2269218616331098, 0.048718758911260054, 0.5538437232662196], [0.23161074048168434, 0.17370805536126321, 0.12629194463873672, 0.1158053702408422, 0.3525838892774735], [0.09528613894077101, 0.07146460420557835, 0.22853539579442167, 0.04764306947038552, 0.5570707915888432], [0.3529122794666606, 0.2646842095999952, 0.03531579040000474, 0.1764561397333303, 0.17063158080000945], [0.23102020025682818, 0.17326515019262112, 0.12673484980737887, 0.1155101001284141, 0.3534696996147577], [0.17526680249551685, 0.1314501018716377, 0.16854989812836227, 0.08763340124775845, 0.43709979625672457], [0.17602440079311188, 0.13201830059483402, 0.1679816994051659, 0.08801220039655597, 0.43596339881033186], [0.09493981368763708, 0.0712048602657279, 0.22879513973427212, 0.047469906843818535, 0.5575902794685441], [0.21744637656783178, 0.16308478242587376, 0.13691521757412617, 0.10872318828391586, 0.3738304351482524], [0.174805245983887, 0.13110393448791538, 0.16889606551208458, 0.08740262299194354, 0.4377921310241692], [0.21714213450269285, 0.16285660087701956, 0.1371433991229804, 0.10857106725134637, 0.3742867982459608], [0.17584551425567807, 0.1318841356917586, 0.16811586430824135, 0.08792275712783908, 0.4362317286164828], [0.3514265227174611, 0.2635698920380958, 0.0364301079619041, 0.17571326135873058, 0.17286021592380835], [0.17431246335724931, 0.13073434751793703, 0.1692656524820629, 0.0871562316786247, 0.43853130496412585], [0.2321311179255237, 0.17409833844414282, 0.12590166155585714, 0.11606555896276187, 0.35180332311171436], [0.0975628284341535, 0.07317212132561517, 0.2268278786743848, 0.048781414217076706, 0.5536557573487697], [0.0964011573704815, 0.07230086802786112, 0.22769913197213892, 0.04820057868524071, 0.5553982639442778], [0.09592023925909839, 0.0719401794443239, 0.22805982055567608, 0.047960119629549186, 0.5561196411113521], [0.04137349068854665, 0.03103011801641012, 0.2689698819835899, 0.020686745344273297, 0.6379397639671796], [0.042256019861360766, 0.03169201489602068, 0.26830798510397935, 0.02112800993068037, 0.6366159702079586], [0.23283721133401203, 0.17462790850050905, 0.12537209149949094, 0.11641860566700604, 0.3507441829989819], [0.23189065183663382, 0.1739179888774754, 0.12608201112252454, 0.11594532591831694, 0.3521640222450492], [0.1754981250845086, 0.13162359381338154, 0.1683764061866184, 0.08774906254225434, 0.43675281237323693], [0.21898739446035287, 0.16424054584526462, 0.13575945415473534, 0.10949369723017635, 0.37151890830947065], [0.3528042646589855, 0.2646031984942391, 0.03539680150576091, 0.17640213232949276, 0.1707936030115217], [0.041185175018058046, 0.03088888126354361, 0.2691111187364563, 0.020592587509028995, 0.6382222374729127], [0.35275496179022603, 0.2645662213426694, 0.03543377865733055, 0.17637748089511296, 0.17086755731466108], [0.0415545846071842, 0.03116593845538826, 0.26883406154461176, 0.020777292303592057, 0.6376681230892234], [0.23220535374881113, 0.17415401531160843, 0.1258459846883915, 0.11610267687440559, 0.3516919693767831], [0.17582593086944137, 0.1318694481520811, 0.16813055184791886, 0.0879129654347207, 0.4362611036958377], [0.3506264222175117, 0.2629698166631338, 0.03703018333686614, 0.17531321110875592, 0.17406036667373237], [0.09517564863578838, 0.07138173647684143, 0.22861826352315864, 0.047587824317894184, 0.5572365270463172], [0.21829787700463718, 0.1637234077